0_0_272 0 0 299 399
0_0_280 0 0 399 299
0_0_284 0 0 399 299
0_0_307 0 0 399 299
0_0_355 0 0 399 299
0_0_547 0 0 299 399
0_0_579 0 0 299 399
0_0_735 0 0 399 299
0_0_77 0 0 399 299
0_0_818 0 0 299 399
0_0_840 0 0 399 299
0_0_899 0 0 399 299
0_10_10938 0 0 238 399
0_11_11060 0 0 399 265
0_11_11136 0 0 399 299
0_11_11179 0 0 399 399
0_11_11219 0 0 399 275
0_11_11281 0 0 399 299
0_11_11297 0 0 399 266
0_11_11298 0 0 399 299
0_11_11313 0 0 399 299
0_11_11325 0 0 399 230
0_11_11346 0 0 399 299
0_11_11459 0 0 399 300
0_11_11480 0 0 399 399
0_11_11517 0 0 399 399
0_11_11533 0 0 394 399
0_11_11557 0 0 399 260
0_11_11571 0 0 399 299
0_11_11650 0 0 399 294
0_11_11830 0 0 399 345
0_11_11852 0 0 337 399
0_11_11875 0 0 399 295
0_11_11881 0 0 399 272
0_11_11987 0 0 399 282
0_12_12048 0 0 399 303
0_12_12072 0 0 399 251
0_12_12144 0 0 299 399
0_12_12171 0 0 314 399
0_12_12344 0 0 399 299
0_12_12435 0 0 399 399
0_12_12484 0 0 399 299
0_12_12518 0 0 399 299
0_12_12597 0 0 399 301
0_12_12619 0 0 266 399
0_12_12649 0 0 399 299
0_12_12705 0 0 221 164
0_12_12750 0 0 399 299
0_12_12816 0 0 299 399
0_12_12833 0 0 399 399
0_12_12892 0 0 308 399
0_12_12921 0 0 399 299
0_12_12923 0 0 294 399
0_13_13036 0 0 399 299
0_13_13198 0 0 399 299
0_13_13235 0 0 399 299
0_13_13308 0 0 284 399
0_13_13339 0 0 322 399
0_13_13420 0 0 224 399
0_13_13515 0 0 399 299
0_13_13553 0 0 299 399
0_13_13885 0 0 399 258
0_14_14532 0 0 299 399
0_14_14991 0 0 351 399
0_15_15030 0 0 399 297
0_15_15264 0 0 388 399
0_15_15522 0 0 295 399
0_15_15620 0 0 299 399
0_15_15622 0 0 299 399
0_15_15644 0 0 399 299
0_15_15742 0 0 399 319
0_15_15859 0 0 301 399
0_15_15935 0 0 369 399
0_16_16030 0 0 399 319
0_16_16079 0 0 399 391
0_16_16283 0 0 299 399
0_16_16431 0 0 399 301
0_16_16905 0 0 187 399
0_16_16940 0 0 399 276
0_16_16947 0 0 303 399
0_16_16968 0 0 399 299
0_17_17022 0 0 399 350
0_17_17057 0 0 319 399
0_17_17251 0 0 399 319
0_17_17275 0 0 399 319
0_17_17350 0 0 399 299
0_17_17369 0 0 399 278
0_17_17388 0 0 399 328
0_17_17525 0 0 265 399
0_17_17526 0 0 399 295
0_17_17553 0 0 288 399
0_17_17674 0 0 299 399
0_18_18160 0 0 350 399
0_18_18219 0 0 399 299
0_18_18310 0 0 399 350
0_18_18562 0 0 399 276
0_18_18636 0 0 399 299
0_18_18653 0 0 265 399
0_18_18720 0 0 319 399
0_18_18723 0 0 399 278
0_18_18734 0 0 341 399
0_18_18763 0 0 399 321
0_18_18852 0 0 399 378
0_18_18880 0 0 399 299
0_18_18957 0 0 399 249
0_18_18961 0 0 399 320
0_19_19011 0 0 399 220
0_19_19025 0 0 399 381
0_19_19068 0 0 399 216
0_1_1004 0 0 399 299
0_1_1039 0 0 399 299
0_1_1339 0 0 399 299
0_1_1611 0 0 266 399
0_1_1626 0 0 299 399
0_1_1650 0 0 399 299
0_1_1664 0 0 399 299
0_1_1696 0 0 399 299
0_1_1865 0 0 399 299
0_20_20573 0 0 299 399
0_20_20656 0 0 399 223
0_20_20772 0 0 399 328
0_20_20783 0 0 399 320
0_21_21001 0 0 399 249
0_21_21087 0 0 324 399
0_21_21093 0 0 399 301
0_21_21135 0 0 399 299
0_21_21147 0 0 399 299
0_21_21299 0 0 399 265
0_21_21332 0 0 299 399
0_21_21413 0 0 399 299
0_21_21422 0 0 399 258
0_21_21703 0 0 399 295
0_21_21938 0 0 399 271
0_21_21974 0 0 399 245
0_22_22047 0 0 399 282
0_22_22218 0 0 399 299
0_22_22234 0 0 292 399
0_22_22838 0 0 399 299
0_23_23003 0 0 299 399
0_23_23666 0 0 399 303
0_23_23683 0 0 399 300
0_23_23697 0 0 299 399
0_23_23748 0 0 399 336
0_23_23817 0 0 399 311
0_23_23934 0 0 304 399
0_24_24071 0 0 313 399
0_24_24196 0 0 399 297
0_24_24209 0 0 399 299
0_24_24234 0 0 279 399
0_24_24256 0 0 399 299
0_24_24455 0 0 399 341
0_24_24500 0 0 266 399
0_24_24670 0 0 399 363
0_24_24771 0 0 299 399
0_24_24829 0 0 301 399
0_24_24861 0 0 399 284
0_24_24918 0 0 399 300
0_24_24965 0 0 328 399
0_24_24973 0 0 328 399
0_25_25057 0 0 399 299
0_25_25064 0 0 272 399
0_2_2276 0 0 299 399
0_2_2304 0 0 299 399
0_2_2310 0 0 399 299
0_2_2551 0 0 399 299
0_2_2580 0 0 299 399
0_2_2721 0 0 399 299
0_3_3183 0 0 399 299
0_3_3294 0 0 399 299
0_3_3308 0 0 299 399
0_3_3317 0 0 399 299
0_3_3327 0 0 399 299
0_3_3344 0 0 299 399
0_3_3362 0 0 399 299
0_3_3434 0 0 399 299
0_3_3514 0 0 399 299
0_3_3524 0 0 399 299
0_3_3551 0 0 266 399
0_3_3559 0 0 399 299
0_3_3654 0 0 399 266
0_3_3692 0 0 399 266
0_3_3732 0 0 399 299
0_3_3914 0 0 399 299
0_4_4038 0 0 399 299
0_4_4283 0 0 299 399
0_4_4328 0 0 299 399
0_4_4870 0 0 399 299
0_4_4976 0 0 399 299
0_5_5010 0 0 399 299
0_5_5108 0 0 399 299
0_5_5189 0 0 399 299
0_5_5255 0 0 399 299
0_5_5303 0 0 399 299
0_5_5318 0 0 399 266
0_5_5416 0 0 399 299
0_5_5463 0 0 399 266
0_5_5528 0 0 399 299
0_5_5566 0 0 299 399
0_5_5586 0 0 399 299
0_5_5634 0 0 299 399
0_5_5673 0 0 399 299
0_5_5706 0 0 399 299
0_5_5785 0 0 399 299
0_5_5880 0 0 399 299
0_5_5887 0 0 399 299
0_5_5948 0 0 399 299
0_6_6048 0 0 399 299
0_6_6087 0 0 399 299
0_6_6618 0 0 399 299
0_6_6791 0 0 399 266
0_6_6833 0 0 399 299
0_6_6876 0 0 399 266
0_6_6917 0 0 299 399
0_7_7129 0 0 299 399
0_7_7540 0 0 399 299
0_7_7609 0 0 399 299
0_7_7677 0 0 299 399
0_7_7697 0 0 299 399
0_7_7702 0 0 299 399
0_7_7796 0 0 299 399
0_7_7804 0 0 266 399
0_7_7817 0 0 399 299
0_7_7819 0 0 399 299
0_7_7923 0 0 399 299
0_7_7981 0 0 299 399
0_8_8006 0 0 266 399
0_8_8040 0 0 399 299
0_8_8151 0 0 399 299
0_8_8248 0 0 399 299
0_8_8454 0 0 399 299
0_8_8648 0 0 299 399
0_8_8814 0 0 399 299
0_8_8976 0 0 399 299
0_9_9033 0 0 399 299
0_9_9127 0 0 399 299
0_9_9135 0 0 399 266
0_9_9228 0 0 399 266
0_9_9264 0 0 399 299
0_9_9353 0 0 299 399
0_9_9496 0 0 399 299
0_9_9659 0 0 399 254
0_9_9837 0 0 399 299
0_9_9938 0 0 399 299
0_9_9990 0 0 399 280
1_25_25191 0 0 399 324
1_25_25257 0 0 318 399
1_25_25389 0 0 399 200
1_25_25406 0 0 399 266
1_25_25580 0 0 399 319
1_25_25895 0 0 299 399
1_26_26026 0 0 399 299
1_26_26213 0 0 299 399
1_26_26230 0 0 399 299
1_26_26233 0 0 266 399
1_26_26640 0 0 399 319
1_26_26643 0 0 399 319
1_26_26833 0 0 399 275
1_26_26853 0 0 399 299
1_26_26980 0 0 399 299
1_27_27033 0 0 399 272
1_27_27051 0 0 399 299
1_27_27075 0 0 399 238
1_27_27491 0 0 399 288
1_28_28003 0 0 399 301
1_28_28351 0 0 399 321
1_28_28373 0 0 399 231
1_28_28407 0 0 299 399
1_28_28547 0 0 399 324
1_28_28717 0 0 399 299
1_29_29329 0 0 399 343
1_30_30051 0 0 399 322
1_30_30065 0 0 399 311
1_30_30226 0 0 399 228
1_30_30277 0 0 399 319
1_30_30895 0 0 319 312
1_31_31255 0 0 399 318
1_31_31764 0 0 399 266
1_31_31773 0 0 399 299
1_32_32148 0 0 399 299
1_32_32185 0 0 399 299
1_32_32195 0 0 399 300
1_32_32226 0 0 399 375
1_32_32258 0 0 399 319
1_32_32331 0 0 399 399
1_32_32486 0 0 399 265
1_32_32691 0 0 399 399
1_32_32951 0 0 399 319
1_33_33527 0 0 399 314
1_33_33554 0 0 399 299
1_33_33625 0 0 399 298
1_34_34236 0 0 390 292
1_34_34261 0 0 399 299
1_34_34288 0 0 399 321
1_34_34382 0 0 399 267
1_34_34999 0 0 399 343
1_35_35222 0 0 399 299
1_36_36235 0 0 399 256
1_36_36237 0 0 399 299
1_36_36321 0 0 399 266
1_36_36781 0 0 357 399
1_37_37003 0 0 215 323
1_37_37446 0 0 399 233
1_37_37488 0 0 399 319
1_37_37508 0 0 399 244
1_37_37702 0 0 399 319
1_37_37952 0 0 399 221
1_38_38093 0 0 399 299
1_38_38399 0 0 299 399
1_38_38642 0 0 399 286
1_38_38661 0 0 399 331
1_39_39185 0 0 399 299
1_39_39391 0 0 399 299
1_39_39648 0 0 399 319
1_39_39670 0 0 399 299
1_39_39738 0 0 249 399
1_39_39748 0 0 399 299
1_39_39917 0 0 399 277
1_39_39949 0 0 399 268
1_40_40642 0 0 399 296
1_40_40818 0 0 299 399
1_41_41001 0 0 399 299
1_41_41023 0 0 399 266
1_41_41677 0 0 399 299
1_41_41686 0 0 399 299
1_42_42334 0 0 399 296
1_42_42470 0 0 399 299
1_42_42484 0 0 399 282
1_42_42923 0 0 399 299
1_43_43183 0 0 399 290
1_43_43215 0 0 399 243
1_43_43257 0 0 399 265
1_43_43412 0 0 399 341
1_43_43894 0 0 399 291
1_43_43899 0 0 399 320
1_44_44044 0 0 288 399
1_44_44073 0 0 399 317
1_44_44118 0 0 399 266
1_44_44224 0 0 399 299
1_44_44321 0 0 319 239
1_44_44344 0 0 399 299
1_44_44379 0 0 399 299
1_44_44553 0 0 399 299
1_45_45131 0 0 281 399
1_45_45191 0 0 399 299
1_45_45246 0 0 399 318
1_45_45286 0 0 399 305
1_45_45287 0 0 399 299
1_45_45397 0 0 399 299
1_45_45595 0 0 399 299
1_45_45691 0 0 399 279
1_45_45762 0 0 399 299
1_45_45784 0 0 399 299
1_46_46151 0 0 399 299
1_46_46171 0 0 319 399
1_46_46312 0 0 399 315
1_46_46443 0 0 399 299
1_46_46856 0 0 399 266
1_47_47122 0 0 399 319
1_47_47184 0 0 399 298
1_47_47211 0 0 399 341
1_47_47334 0 0 399 285
1_47_47340 0 0 399 356
1_47_47764 0 0 399 299
1_47_47779 0 0 340 399
1_47_47781 0 0 399 299
1_47_47851 0 0 302 399
1_48_48060 0 0 399 266
1_48_48173 0 0 399 399
1_48_48240 0 0 222 399
1_48_48311 0 0 399 299
1_48_48388 0 0 399 249
1_48_48451 0 0 399 307
1_48_48594 0 0 399 299
1_49_49039 0 0 299 399
1_49_49481 0 0 399 291
1_49_49609 0 0 399 231
1_49_49612 0 0 399 299
1_49_49674 0 0 399 297
1_49_49859 0 0 399 266
1_49_49900 0 0 399 298
1_49_49937 0 0 399 271
1_50_50473 0 0 399 231
1_50_50477 0 0 399 299
1_50_50516 0 0 399 299
1_50_50979 0 0 399 241
1_51_51123 0 0 256 399
1_51_51725 0 0 399 248
1_51_51784 0 0 399 205
1_52_52036 0 0 385 399
1_52_52999 0 0 399 286
1_53_53692 0 0 399 299
1_53_53905 0 0 399 299
1_53_53918 0 0 399 300
1_54_54381 0 0 399 303
1_54_54383 0 0 399 299
1_55_55083 0 0 233 399
1_55_55346 0 0 399 319
1_55_55407 0 0 399 319
1_55_55469 0 0 399 299
1_55_55491 0 0 399 290
1_55_55512 0 0 399 299
1_55_55530 0 0 318 399
1_55_55589 0 0 399 259
1_55_55601 0 0 299 399
1_55_55623 0 0 399 301
1_55_55677 0 0 399 260
1_55_55731 0 0 399 300
1_55_55762 0 0 399 320
1_55_55825 0 0 399 335
1_55_55826 0 0 399 299
1_55_55915 0 0 399 344
1_55_55923 0 0 299 399
1_55_55970 0 0 399 309
1_55_55978 0 0 352 399
1_55_55982 0 0 399 310
1_56_56048 0 0 399 314
1_56_56055 0 0 266 399
1_56_56060 0 0 240 399
1_56_56150 0 0 399 280
1_56_56155 0 0 357 399
1_56_56159 0 0 399 339
1_56_56543 0 0 399 299
1_56_56546 0 0 302 399
1_56_56638 0 0 399 301
1_57_57302 0 0 399 299
1_57_57840 0 0 399 299
1_57_57941 0 0 399 399
1_58_58095 0 0 399 299
1_58_58150 0 0 266 399
1_58_58417 0 0 399 299
1_58_58478 0 0 399 299
1_58_58696 0 0 299 399
1_58_58837 0 0 263 399
1_58_58924 0 0 399 295
1_58_58944 0 0 274 399
1_59_59085 0 0 399 362
1_59_59137 0 0 399 399
1_59_59160 0 0 399 399
1_59_59208 0 0 399 265
1_59_59420 0 0 399 266
1_59_59421 0 0 399 266
1_59_59466 0 0 299 399
1_59_59468 0 0 272 399
1_59_59495 0 0 319 399
1_59_59625 0 0 399 299
1_59_59823 0 0 399 294
1_59_59909 0 0 399 397
1_60_60097 0 0 318 399
1_60_60281 0 0 399 286
1_60_60473 0 0 399 297
1_60_60730 0 0 308 399
1_60_60933 0 0 399 321
1_61_61018 0 0 399 321
1_61_61059 0 0 362 399
1_61_61098 0 0 399 244
1_61_61147 0 0 288 399
1_61_61562 0 0 306 399
1_61_61579 0 0 399 301
1_61_61603 0 0 399 299
1_61_61640 0 0 399 319
1_62_62066 0 0 299 399
1_62_62467 0 0 319 399
1_62_62514 0 0 399 282
1_63_63150 0 0 399 299
1_63_63377 0 0 399 298
1_63_63410 0 0 233 349
1_63_63499 0 0 265 399
1_63_63567 0 0 399 253
1_63_63633 0 0 399 299
1_63_63720 0 0 399 302
1_64_64272 0 0 399 299
1_64_64815 0 0 299 399
1_64_64878 0 0 299 399
1_65_65200 0 0 399 266
1_65_65241 0 0 266 399
1_65_65292 0 0 399 364
1_65_65742 0 0 399 299
1_65_65743 0 0 349 399
1_65_65856 0 0 285 399
1_65_65994 0 0 341 399
1_66_66053 0 0 399 299
1_66_66254 0 0 399 243
1_66_66552 0 0 267 399
1_66_66640 0 0 399 300
1_66_66667 0 0 399 278
1_66_66696 0 0 399 299
1_66_66821 0 0 399 299
1_66_66889 0 0 399 252
1_66_66903 0 0 399 285
1_66_66941 0 0 399 299
1_66_66988 0 0 399 246
1_67_67202 0 0 399 319
1_67_67219 0 0 399 299
2_67_67426 0 0 299 399
2_68_68315 0 0 399 299
2_68_68401 0 0 399 266
2_68_68592 0 0 399 299
2_68_68593 0 0 399 299
2_68_68615 0 0 390 399
2_68_68619 0 0 299 399
2_68_68825 0 0 399 293
2_68_68857 0 0 399 299
2_68_68931 0 0 319 399
2_68_68932 0 0 399 319
2_69_69152 0 0 399 328
2_69_69224 0 0 399 319
2_69_69370 0 0 399 260
2_69_69490 0 0 319 399
2_69_69606 0 0 399 293
2_69_69612 0 0 274 399
2_69_69648 0 0 399 266
2_69_69781 0 0 399 372
2_70_70132 0 0 399 295
2_70_70211 0 0 399 309
2_70_70304 0 0 399 266
2_70_70531 0 0 399 299
2_70_70587 0 0 399 285
2_70_70693 0 0 399 319
2_70_70761 0 0 399 264
2_70_70783 0 0 399 299
2_70_70895 0 0 266 399
2_71_71085 0 0 399 266
2_71_71279 0 0 191 399
2_71_71632 0 0 399 265
2_71_71771 0 0 318 399
2_71_71951 0 0 399 265
2_72_72074 0 0 319 399
2_72_72102 0 0 321 399
2_72_72152 0 0 319 399
2_72_72352 0 0 399 265
2_72_72377 0 0 399 299
2_72_72747 0 0 319 399
2_72_72778 0 0 319 399
2_73_73097 0 0 265 399
2_73_73493 0 0 302 399
2_73_73776 0 0 399 299
2_73_73838 0 0 399 319
2_74_74023 0 0 399 266
2_74_74096 0 0 311 399
2_74_74102 0 0 297 399
2_74_74560 0 0 399 303
2_74_74641 0 0 399 299
2_74_74783 0 0 389 399
2_74_74876 0 0 399 299
2_74_74953 0 0 399 265
2_75_75154 0 0 399 299
2_75_75169 0 0 399 299
2_75_75231 0 0 265 399
2_75_75252 0 0 399 399
2_75_75742 0 0 399 303
2_76_76026 0 0 288 399
2_76_76032 0 0 399 399
2_76_76123 0 0 316 399
2_76_76273 0 0 399 290
2_76_76635 0 0 399 265
2_76_76795 0 0 377 399
2_76_76819 0 0 399 336
2_76_76831 0 0 399 316
2_76_76847 0 0 319 399
2_76_76874 0 0 399 309
2_76_76952 0 0 294 399
2_76_76957 0 0 299 399
2_76_76961 0 0 399 299
2_77_77055 0 0 399 319
2_77_77109 0 0 367 399
2_77_77162 0 0 399 399
2_77_77805 0 0 399 319
2_78_78470 0 0 399 299
2_78_78545 0 0 317 399
2_78_78560 0 0 328 399
2_78_78867 0 0 399 193
2_79_79323 0 0 399 319
2_80_80028 0 0 399 266
2_80_80262 0 0 399 299
2_80_80595 0 0 399 262
2_80_80887 0 0 399 299
2_81_81304 0 0 399 265
2_81_81637 0 0 399 347
2_81_81639 0 0 399 300
2_81_81784 0 0 399 289
2_81_81973 0 0 399 276
2_82_82074 0 0 315 399
2_82_82372 0 0 319 399
2_82_82528 0 0 399 319
2_82_82695 0 0 399 266
2_82_82757 0 0 399 266
2_83_83048 0 0 399 266
2_83_83713 0 0 399 299
2_83_83786 0 0 399 319
2_83_83792 0 0 399 319
2_84_84202 0 0 399 266
2_84_84204 0 0 399 266
2_84_84233 0 0 399 299
2_84_84305 0 0 399 318
2_84_84342 0 0 399 267
2_84_84343 0 0 399 319
2_84_84392 0 0 399 307
2_84_84574 0 0 399 344
2_84_84979 0 0 399 299
2_85_85032 0 0 399 266
2_85_85861 0 0 265 399
2_86_86185 0 0 399 303
2_86_86206 0 0 399 336
2_86_86299 0 0 399 266
2_86_86534 0 0 399 299
2_86_86600 0 0 399 289
2_86_86610 0 0 399 230
2_86_86828 0 0 399 286
2_86_86832 0 0 265 399
2_87_87675 0 0 399 299
2_88_88163 0 0 399 319
2_88_88308 0 0 399 323
2_88_88645 0 0 399 309
2_88_88911 0 0 399 299
2_89_89079 0 0 238 399
2_89_89429 0 0 299 399
2_89_89660 0 0 304 399
2_89_89895 0 0 281 399
2_89_89905 0 0 399 299
2_89_89952 0 0 319 399
2_89_89954 0 0 319 399
2_89_89955 0 0 319 399
2_90_90354 0 0 399 266
2_90_90392 0 0 399 289
2_90_90407 0 0 399 298
2_90_90503 0 0 399 258
2_90_90658 0 0 399 351
2_90_90726 0 0 399 266
2_91_91116 0 0 399 265
2_91_91646 0 0 399 376
2_91_91717 0 0 399 299
2_91_91853 0 0 285 399
2_92_92133 0 0 399 287
2_92_92154 0 0 399 319
2_92_92287 0 0 399 268
2_92_92558 0 0 279 399
2_92_92678 0 0 399 270
2_92_92683 0 0 399 280
2_92_92712 0 0 399 266
2_92_92836 0 0 399 319
2_92_92976 0 0 399 299
2_93_93337 0 0 399 270
2_93_93365 0 0 320 399
2_93_93375 0 0 399 399
2_93_93506 0 0 399 296
2_93_93933 0 0 399 281
2_93_93978 0 0 349 399
2_93_93988 0 0 399 273
2_94_94015 0 0 399 352
3_100_100070 0 0 276 399
3_100_100391 0 0 398 399
3_100_100396 0 0 399 252
3_100_100461 0 0 399 175
3_100_100486 0 0 399 265
3_100_100517 0 0 399 265
3_101_101060 0 0 266 399
3_101_101372 0 0 395 399
3_101_101403 0 0 368 399
3_101_101449 0 0 313 399
3_101_101455 0 0 244 399
3_101_101875 0 0 399 266
3_102_102105 0 0 345 399
3_102_102136 0 0 231 399
3_103_103222 0 0 399 364
3_103_103299 0 0 374 249
3_103_103474 0 0 399 299
3_103_103561 0 0 399 373
3_103_103778 0 0 399 299
3_103_103946 0 0 399 265
3_103_103970 0 0 399 291
3_104_104060 0 0 266 399
3_104_104455 0 0 399 299
3_104_104547 0 0 299 399
3_104_104577 0 0 266 399
3_104_104584 0 0 399 265
3_104_104837 0 0 399 299
3_104_104849 0 0 399 317
3_105_105166 0 0 285 399
3_105_105413 0 0 263 399
3_105_105695 0 0 399 360
3_106_106188 0 0 399 303
3_106_106205 0 0 399 268
3_106_106258 0 0 320 399
3_106_106263 0 0 391 399
3_106_106307 0 0 399 266
3_106_106354 0 0 348 399
3_106_106394 0 0 399 266
3_106_106509 0 0 399 299
3_106_106954 0 0 399 266
3_107_107090 0 0 399 319
3_107_107210 0 0 399 336
3_107_107883 0 0 399 283
3_107_107913 0 0 301 399
3_107_107934 0 0 399 266
3_108_108132 0 0 399 319
3_108_108436 0 0 399 299
3_108_108450 0 0 399 266
3_108_108487 0 0 299 399
3_108_108559 0 0 356 399
3_108_108679 0 0 399 311
3_108_108793 0 0 332 399
3_109_109233 0 0 283 399
3_109_109297 0 0 266 399
3_109_109435 0 0 399 330
3_109_109506 0 0 399 266
3_110_110864 0 0 275 356
3_111_111223 0 0 399 299
3_111_111383 0 0 399 264
3_111_111694 0 0 399 266
3_111_111955 0 0 399 298
3_111_111956 0 0 399 266
3_111_111965 0 0 399 357
3_111_111980 0 0 399 265
3_112_112102 0 0 299 399
3_112_112131 0 0 399 355
3_112_112493 0 0 399 389
3_112_112861 0 0 399 299
3_113_113879 0 0 399 320
3_114_114110 0 0 399 265
3_114_114352 0 0 227 399
3_114_114781 0 0 399 266
3_114_114993 0 0 399 265
3_115_115358 0 0 399 270
3_115_115396 0 0 399 299
3_115_115555 0 0 399 265
3_115_115573 0 0 399 295
3_115_115926 0 0 399 265
3_115_115927 0 0 285 399
3_115_115958 0 0 399 266
3_116_116355 0 0 399 300
3_116_116365 0 0 298 223
3_116_116448 0 0 399 319
3_117_117086 0 0 399 266
3_117_117101 0 0 372 399
3_117_117104 0 0 399 299
3_117_117128 0 0 399 266
3_117_117218 0 0 356 399
3_117_117248 0 0 399 299
3_117_117328 0 0 399 330
3_117_117382 0 0 321 399
3_117_117435 0 0 319 399
3_117_117677 0 0 399 312
3_117_117679 0 0 399 299
3_117_117923 0 0 299 399
3_118_118274 0 0 399 277
3_118_118420 0 0 280 399
3_118_118582 0 0 399 300
3_119_119029 0 0 399 299
3_119_119047 0 0 399 266
3_119_119619 0 0 399 297
3_119_119710 0 0 399 299
3_119_119732 0 0 399 250
3_119_119956 0 0 299 399
3_120_120175 0 0 299 399
3_120_120282 0 0 399 320
3_120_120553 0 0 399 298
3_120_120641 0 0 399 399
3_120_120771 0 0 399 319
3_121_121090 0 0 399 266
3_121_121200 0 0 399 263
3_121_121217 0 0 399 271
3_122_122004 0 0 399 268
3_122_122851 0 0 399 295
3_122_122910 0 0 269 399
3_122_122956 0 0 399 266
3_123_123046 0 0 385 399
3_123_123287 0 0 266 399
3_123_123318 0 0 399 300
3_123_123495 0 0 399 281
3_123_123516 0 0 399 399
3_123_123538 0 0 266 399
3_94_94137 0 0 399 297
3_94_94592 0 0 298 399
3_94_94650 0 0 399 223
3_94_94683 0 0 399 266
3_94_94816 0 0 399 399
3_95_95044 0 0 399 204
3_95_95325 0 0 399 229
3_95_95340 0 0 399 399
3_95_95588 0 0 335 399
3_95_95642 0 0 347 399
3_95_95651 0 0 248 399
3_95_95681 0 0 399 305
3_95_95684 0 0 399 265
3_95_95695 0 0 399 266
3_95_95850 0 0 267 399
3_95_95922 0 0 399 266
3_96_96013 0 0 399 321
3_96_96016 0 0 321 399
3_96_96207 0 0 399 319
3_96_96221 0 0 399 367
3_96_96778 0 0 399 265
3_96_96962 0 0 399 296
3_97_97769 0 0 399 231
3_97_97770 0 0 399 399
3_97_97847 0 0 399 399
3_97_97863 0 0 268 399
3_97_97915 0 0 379 399
3_97_97923 0 0 298 399
3_97_97970 0 0 399 299
3_98_98012 0 0 299 399
3_98_98257 0 0 325 399
3_98_98431 0 0 399 266
3_98_98592 0 0 399 266
3_98_98996 0 0 399 399
3_99_99711 0 0 399 299
4_123_123581 0 0 399 299
4_123_123636 0 0 399 299
4_123_123637 0 0 280 399
4_123_123716 0 0 399 313
4_123_123733 0 0 399 350
4_123_123856 0 0 399 266
4_123_123861 0 0 308 399
4_123_123878 0 0 266 399
4_123_123977 0 0 399 275
4_124_124127 0 0 399 327
4_124_124232 0 0 399 299
4_124_124323 0 0 399 327
4_124_124375 0 0 344 399
4_124_124475 0 0 399 327
4_124_124483 0 0 399 338
4_124_124643 0 0 285 399
4_124_124760 0 0 399 303
4_125_125345 0 0 270 399
4_125_125471 0 0 251 399
4_125_125518 0 0 267 399
4_125_125649 0 0 368 399
4_125_125685 0 0 386 399
4_125_125923 0 0 399 286
4_125_125929 0 0 399 299
4_125_125956 0 0 399 266
4_125_125980 0 0 399 299
4_126_126005 0 0 399 299
4_126_126037 0 0 399 268
4_126_126053 0 0 399 321
4_126_126054 0 0 399 299
4_126_126766 0 0 399 318
4_126_126800 0 0 399 276
4_126_126893 0 0 285 399
4_127_127026 0 0 399 266
4_127_127386 0 0 399 266
4_127_127394 0 0 266 399
4_127_127435 0 0 399 299
4_127_127517 0 0 399 319
4_127_127671 0 0 298 399
4_127_127785 0 0 399 326
4_127_127788 0 0 266 399
4_127_127894 0 0 399 297
4_127_127915 0 0 329 399
4_128_128152 0 0 399 313
4_128_128295 0 0 399 265
4_128_128373 0 0 399 286
4_128_128599 0 0 304 399
4_128_128692 0 0 399 299
4_128_128805 0 0 399 311
4_128_128828 0 0 399 283
4_128_128867 0 0 343 399
4_129_129095 0 0 265 399
4_129_129438 0 0 399 208
4_129_129806 0 0 399 301
4_129_129870 0 0 399 299
4_129_129872 0 0 399 299
4_130_130039 0 0 399 266
4_130_130048 0 0 399 266
4_130_130314 0 0 399 311
4_130_130330 0 0 399 319
4_130_130344 0 0 299 399
4_130_130704 0 0 399 265
4_130_130762 0 0 399 299
4_131_131164 0 0 399 266
4_131_131262 0 0 399 268
4_131_131610 0 0 399 299
4_131_131686 0 0 399 299
4_131_131961 0 0 361 399
4_132_132100 0 0 266 399
4_132_132238 0 0 399 319
4_132_132405 0 0 266 399
4_132_132455 0 0 382 399
4_132_132501 0 0 259 399
4_132_132581 0 0 342 399
4_132_132584 0 0 399 299
4_132_132900 0 0 399 299
4_133_133027 0 0 399 266
4_133_133086 0 0 399 299
4_133_133167 0 0 265 399
4_133_133219 0 0 399 265
4_133_133388 0 0 398 399
4_133_133490 0 0 399 266
4_133_133761 0 0 399 265
4_133_133920 0 0 399 319
4_133_133974 0 0 399 245
4_134_134054 0 0 399 314
4_134_134121 0 0 399 266
4_134_134170 0 0 399 299
4_134_134647 0 0 299 399
4_134_134652 0 0 399 299
4_134_134664 0 0 399 266
4_134_134679 0 0 321 399
4_134_134693 0 0 399 273
4_134_134797 0 0 399 292
4_134_134970 0 0 399 380
4_135_135127 0 0 251 399
4_135_135138 0 0 399 299
4_135_135150 0 0 319 399
4_135_135259 0 0 399 266
4_135_135402 0 0 399 266
4_135_135701 0 0 399 351
4_135_135739 0 0 399 266
4_135_135964 0 0 399 265
4_136_136025 0 0 299 399
4_136_136065 0 0 319 399
4_136_136550 0 0 399 299
4_136_136640 0 0 293 399
4_136_136642 0 0 320 399
4_136_136759 0 0 399 300
4_137_137324 0 0 399 375
4_137_137457 0 0 399 196
4_138_138100 0 0 399 273
4_138_138371 0 0 399 266
4_138_138730 0 0 289 399
4_138_138864 0 0 338 399
4_138_138911 0 0 318 399
4_139_139056 0 0 300 399
4_139_139219 0 0 377 399
4_139_139240 0 0 291 399
4_139_139244 0 0 399 315
4_139_139245 0 0 399 315
4_139_139246 0 0 399 315
4_139_139249 0 0 302 399
4_139_139256 0 0 399 315
4_139_139261 0 0 399 399
4_139_139387 0 0 266 399
4_139_139556 0 0 399 261
4_139_139824 0 0 399 280
4_139_139965 0 0 266 399
4_140_140140 0 0 399 305
4_140_140318 0 0 399 286
4_140_140686 0 0 399 266
4_140_140696 0 0 399 266
4_140_140699 0 0 399 266
4_140_140700 0 0 399 265
4_140_140705 0 0 399 264
4_140_140735 0 0 399 266
4_140_140766 0 0 399 299
4_140_140875 0 0 399 299
4_141_141132 0 0 399 266
4_141_141190 0 0 399 273
4_141_141284 0 0 266 399
4_141_141410 0 0 399 299
4_141_141474 0 0 399 266
4_141_141591 0 0 399 267
4_141_141728 0 0 255 399
4_141_141769 0 0 399 299
4_141_141771 0 0 399 299
4_141_141857 0 0 266 399
4_141_141892 0 0 399 399
4_141_141904 0 0 399 265
4_141_141905 0 0 399 265
4_141_141906 0 0 399 265
4_142_142009 0 0 266 399
4_142_142131 0 0 399 271
4_142_142237 0 0 282 399
4_142_142305 0 0 266 399
4_142_142344 0 0 319 399
4_142_142537 0 0 399 399
4_142_142642 0 0 266 399
4_142_142887 0 0 260 399
4_142_142948 0 0 399 320
4_143_143056 0 0 399 324
4_143_143196 0 0 399 285
4_143_143198 0 0 399 300
4_143_143199 0 0 399 305
4_143_143253 0 0 399 284
4_143_143609 0 0 399 299
4_143_143630 0 0 399 261
4_143_143691 0 0 266 399
4_143_143776 0 0 392 399
4_143_143828 0 0 399 266
4_144_144110 0 0 399 248
4_144_144178 0 0 399 399
4_144_144363 0 0 399 327
4_144_144408 0 0 399 299
4_144_144604 0 0 399 266
4_144_144785 0 0 399 319
4_144_144868 0 0 399 291
5_145_145114 0 0 399 285
5_145_145322 0 0 299 399
5_145_145486 0 0 399 266
5_145_145612 0 0 399 286
5_145_145732 0 0 399 266
5_145_145834 0 0 399 319
5_145_145839 0 0 319 399
5_145_145845 0 0 399 319
5_146_146158 0 0 399 266
5_146_146290 0 0 399 265
5_146_146319 0 0 399 266
5_146_146332 0 0 399 266
5_146_146373 0 0 399 266
5_146_146546 0 0 399 266
5_146_146660 0 0 396 399
